184

10000
00000
00001
00000

10001
00000
00001
00000

10010
00000
00001
00000

10011
00000
00001
00000

10001
00000
00010
00000

10000
00000
00011
00000

10001
00000
00011
00000

10011
00000
00010
00000

10010
00000
00011
00000

10011
00000
00011
00000

10100
00000
00001
00000

10101
00000
00001
00000

10110
00000
00001
00000

10111
00000
00001
00000

10101
00000
00010
00000

10100
00000
00011
00000

10101
00000
00011
00000

10111
00000
00010
00000

10110
00000
00011
00000

10111
00000
00011
00000

10001
00000
00100
00000

10000
00000
00101
00000

10001
00000
00101
00000

10011
00000
00100
00000

10010
00000
00101
00000

10011
00000
00101
00000

10001
00000
00110
00000

10000
00000
00111
00000

10001
00000
00111
00000

10011
00000
00110
00000

10010
00000
00111
00000

10011
00000
00111
00000

10101
00000
00100
00000

10100
00000
00101
00000

10101
00000
00101
00000

10111
00000
00100
00000

10110
00000
00101
00000

10111
00000
00101
00000

10101
00000
00110
00000

10100
00000
00111
00000

10101
00000
00111
00000

10111
00000
00110
00000

10110
00000
00111
00000

10111
00000
00111
00000

11000
00000
00001
00000

11001
00000
00001
00000

11010
00000
00001
00000

11011
00000
00001
00000

11001
00000
00010
00000

11000
00000
00011
00000

11001
00000
00011
00000

11011
00000
00010
00000

11010
00000
00011
00000

11011
00000
00011
00000

11100
00000
00001
00000

11101
00000
00001
00000

11110
00000
00001
00000

11111
00000
00001
00000

11101
00000
00010
00000

11100
00000
00011
00000

11101
00000
00011
00000

11111
00000
00010
00000

11110
00000
00011
00000

11111
00000
00011
00000

11001
00000
00100
00000

11000
00000
00101
00000

11001
00000
00101
00000

11011
00000
00100
00000

11010
00000
00101
00000

11011
00000
00101
00000

11001
00000
00110
00000

11000
00000
00111
00000

11001
00000
00111
00000

11011
00000
00110
00000

11010
00000
00111
00000

11011
00000
00111
00000

11101
00000
00100
00000

11100
00000
00101
00000

11101
00000
00101
00000

11111
00000
00100
00000

11110
00000
00101
00000

11111
00000
00101
00000

11101
00000
00110
00000

11100
00000
00111
00000

11101
00000
00111
00000

11111
00000
00110
00000

11110
00000
00111
00000

11111
00000
00111
00000

10001
00000
01000
00000

10000
00000
01001
00000

10001
00000
01001
00000

10011
00000
01000
00000

10010
00000
01001
00000

10011
00000
01001
00000

10001
00000
01010
00000

10000
00000
01011
00000

10001
00000
01011
00000

10011
00000
01010
00000

10010
00000
01011
00000

10011
00000
01011
00000

10101
00000
01000
00000

10100
00000
01001
00000

10101
00000
01001
00000

10111
00000
01000
00000

10110
00000
01001
00000

10111
00000
01001
00000

10101
00000
01010
00000

10100
00000
01011
00000

10101
00000
01011
00000

10111
00000
01010
00000

10110
00000
01011
00000

10111
00000
01011
00000

10001
00000
01100
00000

10000
00000
01101
00000

10001
00000
01101
00000

10011
00000
01100
00000

10010
00000
01101
00000

10011
00000
01101
00000

10001
00000
01110
00000

10000
00000
01111
00000

10001
00000
01111
00000

10011
00000
01110
00000

10010
00000
01111
00000

10011
00000
01111
00000

10101
00000
01100
00000

10100
00000
01101
00000

10101
00000
01101
00000

10111
00000
01100
00000

10110
00000
01101
00000

10111
00000
01101
00000

10101
00000
01110
00000

10100
00000
01111
00000

10101
00000
01111
00000

10111
00000
01110
00000

10110
00000
01111
00000

10111
00000
01111
00000

11001
00000
01000
00000

11000
00000
01001
00000

11001
00000
01001
00000

11011
00000
01000
00000

11010
00000
01001
00000

11011
00000
01001
00000

11001
00000
01010
00000

11000
00000
01011
00000

11001
00000
01011
00000

11011
00000
01010
00000

11010
00000
01011
00000

11011
00000
01011
00000

11101
00000
01000
00000

11100
00000
01001
00000

11101
00000
01001
00000

11111
00000
01000
00000

11110
00000
01001
00000

11111
00000
01001
00000

11101
00000
01010
00000

11100
00000
01011
00000

11101
00000
01011
00000

11111
00000
01010
00000

11110
00000
01011
00000

11111
00000
01011
00000

11001
00000
01100
00000

11000
00000
01101
00000

11001
00000
01101
00000

11011
00000
01100
00000

11010
00000
01101
00000

11011
00000
01101
00000

11001
00000
01110
00000

11000
00000
01111
00000

11001
00000
01111
00000

11011
00000
01110
00000

11010
00000
01111
00000

11011
00000
01111
00000

11101
00000
01100
00000

11100
00000
01101
00000

11101
00000
01101
00000

11111
00000
01100
00000

11110
00000
01101
00000

11111
00000
01101
00000

11101
00000
01110
00000

11100
00000
01111
00000

11101
00000
01111
00000

11111
00000
01110
00000

11110
00000
01111
00000

11111
00000
01111
00000