184

10000
00001
00000
00000

10001
00001
00000
00000

10010
00001
00000
00000

10011
00001
00000
00000

10001
00010
00000
00000

10000
00011
00000
00000

10001
00011
00000
00000

10011
00010
00000
00000

10010
00011
00000
00000

10011
00011
00000
00000

10100
00001
00000
00000

10101
00001
00000
00000

10110
00001
00000
00000

10111
00001
00000
00000

10101
00010
00000
00000

10100
00011
00000
00000

10101
00011
00000
00000

10111
00010
00000
00000

10110
00011
00000
00000

10111
00011
00000
00000

10001
00100
00000
00000

10000
00101
00000
00000

10001
00101
00000
00000

10011
00100
00000
00000

10010
00101
00000
00000

10011
00101
00000
00000

10001
00110
00000
00000

10000
00111
00000
00000

10001
00111
00000
00000

10011
00110
00000
00000

10010
00111
00000
00000

10011
00111
00000
00000

10101
00100
00000
00000

10100
00101
00000
00000

10101
00101
00000
00000

10111
00100
00000
00000

10110
00101
00000
00000

10111
00101
00000
00000

10101
00110
00000
00000

10100
00111
00000
00000

10101
00111
00000
00000

10111
00110
00000
00000

10110
00111
00000
00000

10111
00111
00000
00000

11000
00001
00000
00000

11001
00001
00000
00000

11010
00001
00000
00000

11011
00001
00000
00000

11001
00010
00000
00000

11000
00011
00000
00000

11001
00011
00000
00000

11011
00010
00000
00000

11010
00011
00000
00000

11011
00011
00000
00000

11100
00001
00000
00000

11101
00001
00000
00000

11110
00001
00000
00000

11111
00001
00000
00000

11101
00010
00000
00000

11100
00011
00000
00000

11101
00011
00000
00000

11111
00010
00000
00000

11110
00011
00000
00000

11111
00011
00000
00000

11001
00100
00000
00000

11000
00101
00000
00000

11001
00101
00000
00000

11011
00100
00000
00000

11010
00101
00000
00000

11011
00101
00000
00000

11001
00110
00000
00000

11000
00111
00000
00000

11001
00111
00000
00000

11011
00110
00000
00000

11010
00111
00000
00000

11011
00111
00000
00000

11101
00100
00000
00000

11100
00101
00000
00000

11101
00101
00000
00000

11111
00100
00000
00000

11110
00101
00000
00000

11111
00101
00000
00000

11101
00110
00000
00000

11100
00111
00000
00000

11101
00111
00000
00000

11111
00110
00000
00000

11110
00111
00000
00000

11111
00111
00000
00000

10001
01000
00000
00000

10000
01001
00000
00000

10001
01001
00000
00000

10011
01000
00000
00000

10010
01001
00000
00000

10011
01001
00000
00000

10001
01010
00000
00000

10000
01011
00000
00000

10001
01011
00000
00000

10011
01010
00000
00000

10010
01011
00000
00000

10011
01011
00000
00000

10101
01000
00000
00000

10100
01001
00000
00000

10101
01001
00000
00000

10111
01000
00000
00000

10110
01001
00000
00000

10111
01001
00000
00000

10101
01010
00000
00000

10100
01011
00000
00000

10101
01011
00000
00000

10111
01010
00000
00000

10110
01011
00000
00000

10111
01011
00000
00000

10001
01100
00000
00000

10000
01101
00000
00000

10001
01101
00000
00000

10011
01100
00000
00000

10010
01101
00000
00000

10011
01101
00000
00000

10001
01110
00000
00000

10000
01111
00000
00000

10001
01111
00000
00000

10011
01110
00000
00000

10010
01111
00000
00000

10011
01111
00000
00000

10101
01100
00000
00000

10100
01101
00000
00000

10101
01101
00000
00000

10111
01100
00000
00000

10110
01101
00000
00000

10111
01101
00000
00000

10101
01110
00000
00000

10100
01111
00000
00000

10101
01111
00000
00000

10111
01110
00000
00000

10110
01111
00000
00000

10111
01111
00000
00000

11001
01000
00000
00000

11000
01001
00000
00000

11001
01001
00000
00000

11011
01000
00000
00000

11010
01001
00000
00000

11011
01001
00000
00000

11001
01010
00000
00000

11000
01011
00000
00000

11001
01011
00000
00000

11011
01010
00000
00000

11010
01011
00000
00000

11011
01011
00000
00000

11101
01000
00000
00000

11100
01001
00000
00000

11101
01001
00000
00000

11111
01000
00000
00000

11110
01001
00000
00000

11111
01001
00000
00000

11101
01010
00000
00000

11100
01011
00000
00000

11101
01011
00000
00000

11111
01010
00000
00000

11110
01011
00000
00000

11111
01011
00000
00000

11001
01100
00000
00000

11000
01101
00000
00000

11001
01101
00000
00000

11011
01100
00000
00000

11010
01101
00000
00000

11011
01101
00000
00000

11001
01110
00000
00000

11000
01111
00000
00000

11001
01111
00000
00000

11011
01110
00000
00000

11010
01111
00000
00000

11011
01111
00000
00000

11101
01100
00000
00000

11100
01101
00000
00000

11101
01101
00000
00000

11111
01100
00000
00000

11110
01101
00000
00000

11111
01101
00000
00000

11101
01110
00000
00000

11100
01111
00000
00000

11101
01111
00000
00000

11111
01110
00000
00000

11110
01111
00000
00000

11111
01111
00000
00000