44

1000
0001
0000
0000

1001
0001
0000
0000

1010
0001
0000
0000

1011
0001
0000
0000

1001
0010
0000
0000

1000
0011
0000
0000

1001
0011
0000
0000

1011
0010
0000
0000

1010
0011
0000
0000

1011
0011
0000
0000

1100
0001
0000
0000

1101
0001
0000
0000

1110
0001
0000
0000

1111
0001
0000
0000

1101
0010
0000
0000

1100
0011
0000
0000

1101
0011
0000
0000

1111
0010
0000
0000

1110
0011
0000
0000

1111
0011
0000
0000

1001
0100
0000
0000

1000
0101
0000
0000

1001
0101
0000
0000

1011
0100
0000
0000

1010
0101
0000
0000

1011
0101
0000
0000

1001
0110
0000
0000

1000
0111
0000
0000

1001
0111
0000
0000

1011
0110
0000
0000

1010
0111
0000
0000

1011
0111
0000
0000

1101
0100
0000
0000

1100
0101
0000
0000

1101
0101
0000
0000

1111
0100
0000
0000

1110
0101
0000
0000

1111
0101
0000
0000

1101
0110
0000
0000

1100
0111
0000
0000

1101
0111
0000
0000

1111
0110
0000
0000

1110
0111
0000
0000

1111
0111
0000
0000