68

100
001
001
000

101
001
001
000

110
001
001
000

111
001
001
000

100
010
001
000

101
010
001
000

100
011
001
000

101
011
001
000

110
010
001
000

111
010
001
000

110
011
001
000

111
011
001
000

100
001
010
000

101
001
010
000

100
001
011
000

101
001
011
000

110
001
010
000

111
001
010
000

110
001
011
000

111
001
011
000

101
010
010
000

100
011
010
000

101
011
010
000

100
010
011
000

101
010
011
000

100
011
011
000

101
011
011
000

111
010
010
000

110
011
010
000

111
011
010
000

110
010
011
000

111
010
011
000

110
011
011
000

111
011
011
000

001
100
001
000

001
101
001
000

010
100
001
000

011
100
001
000

010
101
001
000

011
101
001
000

001
110
001
000

001
111
001
000

010
110
001
000

011
110
001
000

010
111
001
000

011
111
001
000

001
100
010
000

001
101
010
000

001
100
011
000

001
101
011
000

011
100
010
000

010
101
010
000

011
101
010
000

010
100
011
000

011
100
011
000

010
101
011
000

011
101
011
000

001
110
010
000

001
111
010
000

001
110
011
000

001
111
011
000

011
110
010
000

010
111
010
000

011
111
010
000

010
110
011
000

011
110
011
000

010
111
011
000

011
111
011
000